1111111111
1111111111
1111111111
1111111111
1111111111
1111111111
1111111111
1111111111
1111111111
1111111111
5
1000000001
0000000001
1000000001
0000000001
1000000001
0000000001
1000000001
0000000001
1000000001
1111111111
6
0000000000
0000000000
0000000000
0000000000
0000000000
0000000000
0000000000
0000000000
1010101001
1010101111
7
0000000000
0000000000
0000000000
0000000000
0000000000
0000000000
0000000000
0000000000
0110011001
0111101111
8
0000000000
0000000000
0000000000
0000000000
0000000000
0000000000
0000000000
0000000000
0101011001
0101101111
9
0000000000
0000000000
0000000000
0000000000
0000000000
0000000000
0000000000
0000000000
0011011001
0010101111
10
0000000000
0000000000
0000000000
0000000000
0000000000
0000000000
0000000000
0000000000
0011101001
0010101111
11
0000000000
0000000000
0000000000
0000000000
0000000000
0000000000
0000000000
0001110000
0010001001
0000001111
12
0000000000
0000000000
0000000000
0000000000
0000000000
0000000000
0000110000
0001011000
0000000001
0000000011
13
0000000000
0000000000
0000000000
0000000000
0000000000
0000000000
0000111000
0000101000
0000000011
0000000011
14
0000000000
0000000000
0000000000
0000000000
0000000000
0000011000
0000101100
0000011011
0000000000
0000000000
15
0000000000
0000000000
0000000000
0000000000
0000000000
0000011100
0000100011
0000010011
0000000000
0000000000
16
0000000000
0000000000
0000000000
0000000000
0000001100
0000010100
0000110101
0000111100
0000010000
0000000000
17
0000000000
0000000000
0000000000
0000000000
0000001100
0000100100
0001000100
0000110000
0000110000
0000000000
18
0000000000
0000000000
0000000000
0000000000
0000001100
0000000110
0000001110
0000101000
0000110000
0000000000
19
0000000000
0000000000
0000000000
0000000000
0000001110
0000000000
0000011100
0000100000
0000110000
0000000000
20
0000000000
0000000000
0000000000
0000000110
0000001010
0000010000
0000101000
0001000000
0000100000
0000000000
21
0000000000
0000000000
0000000000
0000000110
0000001010
0000011000
0000101000
0001100000
0001100000
0000000000
22
0000000000
0000000000
0000000000
0000000110
0000010010
0000101100
0000101100
0000100000
0001100000
0000000000
23
0000000000
0000000000
0000000000
0000000110
0000010010
0000100110
0001101110
0000011000
0000000000
0000000000
24
0000000000
0000000000
0000000000
0000000110
0000000000
0001110010
0001000110
0000000000
0000000000
0000000000
25
0000000000
0000000000
0000000000
0000000000
0000110000
0001011010
0000001000
0000000000
0000000000
0000000000
26
0000000000
0000000000
0000000000
0000000000
0000111100
0000100000
0000000000
0000000000
0000000000
0000000000
27
0000000000
0000000000
0000000000
0000010000
0000101000
0000000000
0000000000
0000000000
0000000000
0000000000
28
0000000000
0000000000
0000000000
0000010000
0000000000
0000000000
0000000000
0000000000
0000000000
0000000000
29
